10
0 612 301 866 563 327 245 443 327 248
612 0 552 439 749 491 334 350 352 303
301 552 0 282 506 823 619 282 368 420
866 439 282 0 623 347 261 844 431 286
563 749 506 623 0 755 428 601 651 441
327 491 823 347 755 0 976 391 658 758
245 334 619 261 428 976 0 302 501 1010
443 350 282 844 601 391 302 0 699 368
327 352 368 431 651 658 501 699 0 775
248 303 420 286 441 758 1010 368 755 0